Webots Project File version R2023b
perspectives: 000000ff00000000fd0000000300000000000001ca0000039ffc0200000001fb00000012005300630065006e0065005400720065006501000000000000039f000000000000000000000001000002c700000323fc0200000001fb0000001400540065007800740045006400690074006f0072010000001a000003230000008b00ffffff0000000300000780000000c3fc0100000002fb0000000e0043006f006e0073006f006c006501000001d0000005b00000000000000000fc00000000000007800000006900fffffffa000000000100000002fb0000001a0043006f006e0073006f006c00650041006c006c0041006c006c0100000000ffffffff0000006900fffffffb0000001a0043006f006e0073006f006c00650041006c006c0041006c006c0100000000ffffffff0000000000000000000004b70000032300000004000000040000000100000008fc00000000
simulationViewPerspectives: 000000ff000000010000000200000102000003b30100000002010000000101
sceneTreePerspectives: 000000ff000000010000000300000022000002f7000000fa0100000002010000000201
minimizedPerspectives: 000000ff00000000fd0000000300000000000001ca0000039ffc0200000001fb00000012005300630065006e0065005400720065006501000000000000039f0000000000000000000000010000023a000002fafc0200000001fb0000001400540065007800740045006400690074006f00720100000017000002fa0000008700ffffff0000000300000780000000dafc0100000002fb0000000e0043006f006e0073006f006c006501000001d0000005b00000000000000000fb0000001a0043006f006e0073006f006c00650041006c006c0041006c006c0100000000000007800000006900ffffff00000544000002fa00000004000000040000000100000008fc00000000
maximizedDockId: -1
centralWidgetVisible: 1
orthographicViewHeight: 1
textFiles: 0 "controllers/MechaMinds_controller/MechaMinds_controller.py"
globalOptionalRendering: DistanceSensorRays::CoordinateSystem::CameraFrustums::LightPositions::LightSensorRays
consoles: Console:All:All
renderingDevicePerspectives: e-puck:camera;1;3.74446;0.743864;0.0590481
